   0   335  1914  2300  2577  1730  1730  1878  2033   822  1968  2304  1348  1345    28  1728  1515  2456  2440  2436   364  2374  2118    83   373   980  1572  2120  1201  2160
 335     0  1587  1998  2291  1451  1449  1576  1745   586  1686  1969  1014  1051   357  1457  1278  2190  2146  2142   641  2076  1823   296   652  1113  1269  1785   867  1885
1914  1587     0   576   934   594   586   370   556  1210   599   592   699   670  1931   670   908   997   754   754  2123   664   522  1883  2133  2177   467   425   736   735
2300  1998   576     0   358   606   603   422   307  1505   396   944  1248   955  2312   644   936   461   178   178  2438    88   196  2286  2448  2326   729   867  1225   333
2577  2291   934   358     0   847   847   736   547  1762   609  1244  1600  1241  2586   856  1118   253   180   180  2679   271   479  2571  2688  2483  1033  1197  1561   428
1730  1451   594   606   847     0     8   257   309   916   237  1182   945   410  1740    76   350   745   720   715  1841   666   411  1726  1850  1728   266  1019   818   435
1730  1449   586   603   847     8     0   250   308   917   238  1174   938   408  1740    84   356   747   718   713  1843   664   408  1725  1852  1733   259  1011   813   436
1878  1576   370   422   736   257   250     0   223  1091   237   940   892   534  1891   326   604   714   576   572  2026   500   257  1864  2036  1966   307   789   827   411
2033  1745   556   307   547   309   308   223     0  1224    91  1076  1113   694  2043   338   629   494   411   406  2150   358   114  2025  2159  2020   491   949  1038   189
 822   586  1210  1505  1762   916   917  1091  1224     0  1153  1714   879   563   829   908   698  1635  1634  1629   935  1574  1316   828   945  1017   795  1520   654  1341
1968  1686   599   396   609   237   238   237    91  1153     0  1142  1105   639  1977   254   541   521   488   482  2075   443   205  1963  2084  1932   454  1006  1012   206
2304  1969   592   944  1244  1182  1174   940  1076  1714  1142     0   958  1224  2326  1257  1499  1403  1085  1088  2568  1006  1001  2257  2578  2718  1048   194  1115  1222
1348  1014   699  1248  1600   945   938   892  1113   879  1105   958     0   644  1371  1003  1057  1606  1425  1423  1630  1337  1136  1299  1640  1888   679   781   231  1299
1345  1051   670   955  1241   410   408   534   694   563   639  1224   644     0  1357   436   414  1155  1097  1092  1497  1029   774  1334  1506  1508   233  1033   459   843
  28   357  1931  2312  2586  1740  1740  1891  2043   829  1977  2326  1371  1357     0  1736  1520  2463  2451  2447   337  2386  2129   110   345   957  1585  2141  1221  2169
1728  1457   670   644   856    76    84   326   338   908   254  1257  1003   436  1736     0   295   733   742   736  1823   696   447  1727  1832  1683   326  1095   865   433
1515  1278   908   936  1118   350   356   604   629   698   541  1499  1057   414  1520   295     0   956  1022  1016  1571   983   740  1525  1579  1391   466  1323   868   691
2456  2190   997   461   253   745   747   714   494  1635   521  1403  1606  1155  2463   733   956     0   332   327  2527   399   480  2458  2535  2281   975  1326  1530   316
2440  2146   754   178   180   720   718   576   411  1634   488  1085  1425  1097  2451   742  1022   332     0     6  2561    91   323  2430  2570  2406   879  1026  1394   346
2436  2142   754   178   180   715   713   572   406  1629   482  1088  1423  1092  2447   736  1016   327     6     0  2556    91   319  2426  2565  2400   876  1028  1391   340
 364   641  2123  2438  2679  1841  1843  2026  2150   935  2075  2568  1630  1497   337  1823  1571  2527  2561  2556     0  2505  2247   447    10   680  1729  2378  1453  2252
2374  2076   664    88   271   666   664   500   358  1574   443  1006  1337  1029  2386   696   983   399    91    91  2505     0   258  2362  2514  2373   807   941  1311   337
2118  1823   522   196   479   411   408   257   114  1316   205  1001  1136   774  2129   447   740   480   323   319  2247   258     0  2107  2256  2131   557   888  1083   223
  83   296  1883  2286  2571  1726  1725  1864  2025   828  1963  2257  1299  1334   110  1727  1525  2458  2430  2426   447  2362  2107     0   455  1058  1556  2075  1162  2158
 373   652  2133  2448  2688  1850  1852  2036  2159   945  2084  2578  1640  1506   345  1832  1579  2535  2570  2565    10  2514  2256   455     0   678  1739  2388  1463  2261
 980  1113  2177  2326  2483  1728  1733  1966  2020  1017  1932  2718  1888  1508   957  1683  1391  2281  2406  2400   680  2373  2131  1058   678     0  1719  2524  1668  2065
1572  1269   467   729  1033   266   259   307   491   795   454  1048   679   233  1585   326   466   975   879   876  1729   807   557  1556  1739  1719     0   866   560   659
2120  1785   425   867  1197  1019  1011   789   949  1520  1006   194   781  1033  2141  1095  1323  1326  1026  1028  2378   941   888  2075  2388  2524   866     0   926  1111
1201   867   736  1225  1561   818   813   827  1038   654  1012  1115   231   459  1221   865   868  1530  1394  1391  1453  1311  1083  1162  1463  1668   560   926     0  1215
2160  1885   735   333   428   435   436   411   189  1341   206  1222  1299   843  2169   433   691   316   346   340  2252   337   223  2158  2261  2065   659  1111  1215     0